{
 "cells": [
  {
   "cell_type": "code",
   "execution_count": 1,
   "id": "602cb744",
   "metadata": {},
   "outputs": [],
   "source": [
    "import numpy as np\n",
    "import torch"
   ]
  },
  {
   "cell_type": "code",
   "execution_count": 2,
   "id": "ee8a98da",
   "metadata": {},
   "outputs": [
    {
     "name": "stdout",
     "output_type": "stream",
     "text": [
      "tensor([[ 1.8183, -0.3605,  0.9639],\n",
      "        [ 0.5819,  0.3147,  0.2236],\n",
      "        [-0.2409,  0.9021, -0.7698]])\n"
     ]
    }
   ],
   "source": [
    "tensor_A = torch.randn(3, 3)\n",
    "print(tensor_A)"
   ]
  },
  {
   "cell_type": "code",
   "execution_count": 3,
   "id": "4a27482a",
   "metadata": {},
   "outputs": [
    {
     "name": "stdout",
     "output_type": "stream",
     "text": [
      "tensor([[ 1.1992, -1.5992,  1.0371],\n",
      "        [-1.0646,  3.1537, -0.4171],\n",
      "        [-1.6229,  4.1962, -2.1123]])\n"
     ]
    }
   ],
   "source": [
    "tensor_B = torch.linalg.inv(tensor_A)\n",
    "print(tensor_B)"
   ]
  },
  {
   "cell_type": "code",
   "execution_count": 4,
   "id": "6781d70c",
   "metadata": {},
   "outputs": [
    {
     "name": "stdout",
     "output_type": "stream",
     "text": [
      "tensor([[ 1.0000e+00, -4.7684e-07,  0.0000e+00],\n",
      "        [ 5.9605e-08,  1.0000e+00,  2.9802e-08],\n",
      "        [ 2.3842e-07,  0.0000e+00,  1.0000e+00]])\n"
     ]
    }
   ],
   "source": [
    "tensor_C = tensor_A @ tensor_B\n",
    "print(tensor_C)"
   ]
  },
  {
   "cell_type": "code",
   "execution_count": 5,
   "id": "e56cfc64",
   "metadata": {},
   "outputs": [
    {
     "name": "stdout",
     "output_type": "stream",
     "text": [
      "Gradient along rows:\n",
      " tensor([[-1.2363,  0.6752, -0.7403],\n",
      "        [-1.0296,  0.6313, -0.8668],\n",
      "        [-0.8228,  0.5874, -0.9934]])\n",
      "Gradient along columns:\n",
      " tensor([[-2.1787, -0.4272,  1.3244],\n",
      "        [-0.2672, -0.1792, -0.0911],\n",
      "        [ 1.1430, -0.2645, -1.6719]])\n"
     ]
    }
   ],
   "source": [
    "tensor_A_grad=torch.gradient(tensor_A)\n",
    "print(\"Gradient along rows:\\n\", tensor_A_grad[0])\n",
    "print(\"Gradient along columns:\\n\", tensor_A_grad[1])"
   ]
  },
  {
   "cell_type": "code",
   "execution_count": null,
   "id": "90b0281c",
   "metadata": {},
   "outputs": [],
   "source": []
  }
 ],
 "metadata": {
  "kernelspec": {
   "display_name": "SummerProj",
   "language": "python",
   "name": "python3"
  },
  "language_info": {
   "codemirror_mode": {
    "name": "ipython",
    "version": 3
   },
   "file_extension": ".py",
   "mimetype": "text/x-python",
   "name": "python",
   "nbconvert_exporter": "python",
   "pygments_lexer": "ipython3",
   "version": "3.11.15"
  }
 },
 "nbformat": 4,
 "nbformat_minor": 5
}
